5.26 250 4.15562 604 4.42397 651 5.38047 297 5.34177 79 3.69784 139 3.66991 206 3.94584 240 3.59259 108 3.20409 49 3.97541 122 3.43182 176 3.33474 236 
0 0 5.80734 327 7.12981 701 4.44737 418 5.20588 102 3.84135 208 3.69403 268 3.4375 192 3.27957 93 3.38835 103 3.53191 94 3.34965 143 3.85642 397 
0 0 0 0 5.85074 268 5.1453 585 6.0082 122 3.76159 151 3.54054 148 4.06912 217 3.61654 133 3.88535 157 3.39683 63 3.19354 93 3.83539 407 
0 0 0 0 0 0 5.35945 217 6.56481 108 3.6087 92 3.77083 192 3.73016 126 3.45555 90 3.76378 127 2.95238 42 3.44199 181 3.76571 175 
0 0 0 0 0 0 0 0 0 0 6.84243 165 6.06607 227 5.64551 189 5 79 6.45833 264 7.27027 407 7.01271 472 6.69444 432 
0 0 0 0 0 0 0 0 0 0 5.21519 158 5.21028 642 4.78871 620 4.93963 497 3.23179 151 2.6087 23 3.18978 137 3.20548 73 
0 0 0 0 0 0 0 0 0 0 0 0 5.85606 396 6.35525 943 4.20234 598 2.72603 73 3.21 100 3.35537 121 3.18552 221 
0 0 0 0 0 0 0 0 0 0 0 0 0 0 5.16418 335 4.66447 608 3.71366 227 3.44 75 3.3919 74 3.09836 61 
0 0 0 0 0 0 0 0 0 0 0 0 0 0 0 0 4.96809 282 4.47385 325 3.88235 136 2.76596 47 2.95349 86 
0 0 0 0 0 0 0 0 0 0 0 0 0 0 0 0 0 0 4.58537 82 4.6572 458 3.4087 230 2.72269 119 
0 0 0 0 0 0 0 0 0 0 0 0 0 0 0 0 0 0 0 0 5.07362 163 4.83714 657 3.85982 321 
0 0 0 0 0 0 0 0 0 0 0 0 0 0 0 0 0 0 0 0 0 0 4.64249 193 3.375 368 
0 0 0 0 0 0 0 0 0 0 0 0 0 0 0 0 0 0 0 0 0 0 0 0 4.37295 244 

10.6667 3 5.1851 443 5.49811 265 5.54545 121 6.67742 31 5.14852 202 4.82511 446 4.84056 577 4.66523 466 4.53182 487 12 1 4.50961 416 4.18417 733 
0 0 6.23913 92 7.86487 74 5.6579 152 6.44444 45 5.29297 256 5.15249 341 5.18815 287 4.81327 407 4.46334 341 4.80066 306 4.49265 544 4.56923 325 
0 0 0 0 9 10 6.13043 92 8.23077 13 4.69841 441 5.25862 174 5.09748 277 4.80909 330 4.94635 205 5.17647 102 4.58396 399 4.82121 330 
0 0 0 0 0 0 6.44776 67 7.88235 17 5.09604 177 5.24599 187 5.03891 257 4.61829 317 4.68832 154 4.71484 256 4.33594 384 4.45 420 
0 0 0 0 0 0 0 0 6 1 11 3 7.8125 16 6.46666 15 5.73333 60 6.3871 31 8.6 10 6.97435 39 7.52632 19 
0 0 0 0 0 0 0 0 0 0 6 1 6.45283 106 5.9717 106 6.68085 47 4.29773 309 4.64238 151 4.41769 328 4.03395 589 
0 0 0 0 0 0 0 0 0 0 0 0 6.86667 60 11 2 5.50629 318 4.434 447 4.8655 171 4.46269 402 4.30803 461 
0 0 0 0 0 0 0 0 0 0 0 0 0 0 6.80233 86 6.11207 232 5.0381 105 4.23711 485 4.28601 486 4.24234 784 
0 0 0 0 0 0 0 0 0 0 0 0 0 0 0 0 6.25758 66 6.375 8 4.65229 371 11 1 4.14449 436 
0 0 0 0 0 0 0 0 0 0 0 0 0 0 0 0 0 0 5.66667 66 5.03572 140 4.5 536 3.85278 1114 
0 0 0 0 0 0 0 0 0 0 0 0 0 0 0 0 0 0 0 0 6.95 20 5.1828 186 4.3413 460 
0 0 0 0 0 0 0 0 0 0 0 0 0 0 0 0 0 0 0 0 0 0 5.78948 95 4.51807 581 
0 0 0 0 0 0 0 0 0 0 0 0 0 0 0 0 0 0 0 0 0 0 0 0 6.62963 54 
